an851goe@ct-bsys-ws20-18:~/z-drive/BSYS2020/Chapter13$ pmap -X 10696
10696:   /lib/systemd/systemd --user
         Address Perm   Offset Device  Inode  Size  Rss  Pss Referenced Anonymous LazyFree ShmemPmdMapped FilePmdMapped Shared_Hugetlb Private_Hugetlb Swap SwapPss Locked THPeligible Mapping
    561d9013f000 r--p 00000000  fd:26 658535   184    0    0          0         0        0              0             0              0               0    0       0      0           0 systemd
    561d9016d000 r-xp 0002e000  fd:26 658535   708    0    0          0         0        0              0             0              0               0    0       0      0           0 systemd
    561d9021e000 r--p 000df000  fd:26 658535   316    0    0          0         0        0              0             0              0               0    0       0      0           0 systemd
    561d9026e000 r--p 0012e000  fd:26 658535   244  220  220        216       220        0              0             0              0               0    0       0      0           0 systemd
    561d902ab000 rw-p 0016b000  fd:26 658535     4    4    4          0         4        0              0             0              0               0    0       0      0           0 systemd
    561d90fe2000 rw-p 00000000  00:00      0   388  332  332        332       332        0              0             0              0               0    0       0      0           0 [heap]
    7f8724bfc000 rw-p 00000000  00:00      0    28   24   24          4        24        0              0             0              0               0    0       0      0           0
    7f8724c03000 r--p 00000000  fd:26 657898    52   52    1         52         0        0              0             0              0               0    0       0      0           0 libm-2.28.so
    7f8724c10000 r-xp 0000d000  fd:26 657898   636  264    8        264         0        0              0             0              0               0    0       0      0           0 libm-2.28.so
    7f8724caf000 r--p 000ac000  fd:26 657898   852    0    0          0         0        0              0             0              0               0    0       0      0           0 libm-2.28.so
    7f8724d84000 r--p 00180000  fd:26 657898     4    4    4          0         4        0              0             0              0               0    0       0      0           0 libm-2.28.so
    7f8724d85000 rw-p 00181000  fd:26 657898     4    4    4          0         4        0              0             0              0               0    0       0      0           0 libm-2.28.so
    7f8724d86000 r--p 00000000  fd:26 658003    16    0    0          0         0        0              0             0              0               0    0       0      0           0 libudev.so.1.6.13
    7f8724d8a000 r-xp 00004000  fd:26 658003    92    0    0          0         0        0              0             0              0               0    0       0      0           0 libudev.so.1.6.13
    7f8724da1000 r--p 0001b000  fd:26 658003    36    0    0          0         0        0              0             0              0               0    0       0      0           0 libudev.so.1.6.13
    7f8724daa000 r--p 00023000  fd:26 658003     4    4    4          0         4        0              0             0              0               0    0       0      0           0 libudev.so.1.6.13
    7f8724dab000 rw-p 00024000  fd:26 658003     4    4    4          0         4        0              0             0              0               0    0       0      0           0 libudev.so.1.6.13
    7f8724dac000 r--p 00000000  fd:26 657905    16   16    0         16         0        0              0             0              0               0    0       0      0           0 libgpg-error.so.0.26.1
    7f8724db0000 r-xp 00004000  fd:26 657905    76   76    2         76         0        0              0             0              0               0    0       0      0           0 libgpg-error.so.0.26.1
    7f8724dc3000 r--p 00017000  fd:26 657905    36   36    1         36         0        0              0             0              0               0    0       0      0           0 libgpg-error.so.0.26.1
    7f8724dcc000 ---p 00020000  fd:26 657905     4    0    0          0         0        0              0             0              0               0    0       0      0           0 libgpg-error.so.0.26.1
    7f8724dcd000 r--p 00020000  fd:26 657905     4    4    4          0         4        0              0             0              0               0    0       0      0           0 libgpg-error.so.0.26.1
    7f8724dce000 rw-p 00021000  fd:26 657905     4    4    4          0         4        0              0             0              0               0    0       0      0           0 libgpg-error.so.0.26.1
    7f8724dcf000 r--p 00000000  fd:26 176396    12    0    0          0         0        0              0             0              0               0    0       0      0           0 libjson-c.so.3.0.1
    7f8724dd2000 r-xp 00003000  fd:26 176396    24    0    0          0         0        0              0             0              0               0    0       0      0           0 libjson-c.so.3.0.1
    7f8724dd8000 r--p 00009000  fd:26 176396     8    0    0          0         0        0              0             0              0               0    0       0      0           0 libjson-c.so.3.0.1
    7f8724dda000 ---p 0000b000  fd:26 176396     4    0    0          0         0        0              0             0              0               0    0       0      0           0 libjson-c.so.3.0.1
    7f8724ddb000 r--p 0000b000  fd:26 176396     4    4    4          0         4        0              0             0              0               0    0       0      0           0 libjson-c.so.3.0.1
    7f8724ddc000 rw-p 0000c000  fd:26 176396     4    4    4          0         4        0              0             0              0               0    0       0      0           0 libjson-c.so.3.0.1
    7f8724ddd000 rw-p 00000000  00:00      0     8    8    8          0         8        0              0             0              0               0    0       0      0           0
    7f8724ddf000 r--p 00000000  fd:26 176549     4    0    0          0         0        0              0             0              0               0    0       0      0           0 libargon2.so.1
    7f8724de0000 r-xp 00001000  fd:26 176549    20    0    0          0         0        0              0             0              0               0    0       0      0           0 libargon2.so.1
    7f8724de5000 r--p 00006000  fd:26 176549     8    0    0          0         0        0              0             0              0               0    0       0      0           0 libargon2.so.1
    7f8724de7000 r--p 00007000  fd:26 176549     4    4    4          0         4        0              0             0              0               0    0       0      0           0 libargon2.so.1
    7f8724de8000 rw-p 00008000  fd:26 176549     4    4    4          0         4        0              0             0              0               0    0       0      0           0 libargon2.so.1
    7f8724de9000 r--p 00000000  fd:26 657984    44    0    0          0         0        0              0             0              0               0    0       0      0           0 libdevmapper.so.1.02.1
    7f8724df4000 r-xp 0000b000  fd:26 657984   284    0    0          0         0        0              0             0              0               0    0       0      0           0 libdevmapper.so.1.02.1
    7f8724e3b000 r--p 00052000  fd:26 657984    80    0    0          0         0        0              0             0              0               0    0       0      0           0 libdevmapper.so.1.02.1
    7f8724e4f000 r--p 00065000  fd:26 657984     4    4    4          0         4        0              0             0              0               0    0       0      0           0 libdevmapper.so.1.02.1
    7f8724e50000 rw-p 00066000  fd:26 657984    16   12   12          0        12        0              0             0              0               0    0       0      0           0 libdevmapper.so.1.02.1
    7f8724e54000 rw-p 00000000  00:00      0     4    0    0          0         0        0              0             0              0               0    0       0      0           0
    7f8724e55000 r--p 00000000  fd:26 657890     8    4    0          4         0        0              0             0              0               0    0       0      0           0 libuuid.so.1.3.0
    7f8724e57000 r-xp 00002000  fd:26 657890    16    0    0          0         0        0              0             0              0               0    0       0      0           0 libuuid.so.1.3.0
    7f8724e5b000 r--p 00006000  fd:26 657890     4    0    0          0         0        0              0             0              0               0    0       0      0           0 libuuid.so.1.3.0
    7f8724e5c000 r--p 00006000  fd:26 657890     4    4    4          0         4        0              0             0              0               0    0       0      0           0 libuuid.so.1.3.0
    7f8724e5d000 rw-p 00007000  fd:26 657890     4    4    4          0         4        0              0             0              0               0    0       0      0           0 libuuid.so.1.3.0
    7f8724e5e000 r--p 00000000  fd:26 175739     8    0    0          0         0        0              0             0              0               0    0       0      0           0 libattr.so.1.1.2448
    7f8724e60000 r-xp 00002000  fd:26 175739    12    0    0          0         0        0              0             0              0               0    0       0      0           0 libattr.so.1.1.2448
    7f8724e63000 r--p 00005000  fd:26 175739     4    0    0          0         0        0              0             0              0               0    0       0      0           0 libattr.so.1.1.2448
    7f8724e64000 r--p 00005000  fd:26 175739     4    4    4          0         4        0              0             0              0               0    0       0      0           0 libattr.so.1.1.2448
    7f8724e65000 rw-p 00006000  fd:26 175739     4    4    4          0         4        0              0             0              0               0    0       0      0           0 libattr.so.1.1.2448
    7f8724e66000 r--p 00000000  fd:26 176266   532    0    0          0         0        0              0             0              0               0    0       0      0           0 libcrypto.so.1.1
    7f8724eeb000 r-xp 00085000  fd:26 176266  1656    0    0          0         0        0              0             0              0               0    0       0      0           0 libcrypto.so.1.1
    7f8725089000 r--p 00223000  fd:26 176266   572    0    0          0         0        0              0             0              0               0    0       0      0           0 libcrypto.so.1.1
    7f8725118000 ---p 002b2000  fd:26 176266     4    0    0          0         0        0              0             0              0               0    0       0      0           0 libcrypto.so.1.1
    7f8725119000 r--p 002b2000  fd:26 176266   192  192  192          0       192        0              0             0              0               0    0       0      0           0 libcrypto.so.1.1
    7f8725149000 rw-p 002e2000  fd:26 176266     8    8    8          0         8        0              0             0              0               0    0       0      0           0 libcrypto.so.1.1
    7f872514b000 rw-p 00000000  00:00      0    16    4    4          4         4        0              0             0              0               0    0       0      0           0
    7f872514f000 r--p 00000000  fd:26 176526   116    0    0          0         0        0              0             0              0               0    0       0      0           0 libssl.so.1.1
    7f872516c000 r-xp 0001d000  fd:26 176526   308    0    0          0         0        0              0             0              0               0    0       0      0           0 libssl.so.1.1
    7f87251b9000 r--p 0006a000  fd:26 176526   104    0    0          0         0        0              0             0              0               0    0       0      0           0 libssl.so.1.1
    7f87251d3000 ---p 00084000  fd:26 176526     4    0    0          0         0        0              0             0              0               0    0       0      0           0 libssl.so.1.1
    7f87251d4000 r--p 00084000  fd:26 176526    36   36   36          0        36        0              0             0              0               0    0       0      0           0 libssl.so.1.1
    7f87251dd000 rw-p 0008d000  fd:26 176526    16   16   16          0        16        0              0             0              0               0    0       0      0           0 libssl.so.1.1
    7f87251e1000 rw-p 00000000  00:00      0     8    8    8          0         8        0              0             0              0               0    0       0      0           0
    7f87251e3000 r--p 00000000  fd:26 657895     8    0    0          0         0        0              0             0              0               0    0       0      0           0 libcap-ng.so.0.0.0
    7f87251e5000 r-xp 00002000  fd:26 657895    12    0    0          0         0        0              0             0              0               0    0       0      0           0 libcap-ng.so.0.0.0
    7f87251e8000 r--p 00005000  fd:26 657895     4    0    0          0         0        0              0             0              0               0    0       0      0           0 libcap-ng.so.0.0.0
    7f87251e9000 r--p 00005000  fd:26 657895     4    4    4          0         4        0              0             0              0               0    0       0      0           0 libcap-ng.so.0.0.0
    7f87251ea000 rw-p 00006000  fd:26 657895     4    4    4          0         4        0              0             0              0               0    0       0      0           0 libcap-ng.so.0.0.0
    7f87251eb000 r--p 00000000  fd:26 657863     4    4    0          4         0        0              0             0              0               0    0       0      0           0 libdl-2.28.so
    7f87251ec000 r-xp 00001000  fd:26 657863     4    4    0          4         0        0              0             0              0               0    0       0      0           0 libdl-2.28.so
    7f87251ed000 r--p 00002000  fd:26 657863     4    0    0          0         0        0              0             0              0               0    0       0      0           0 libdl-2.28.so
    7f87251ee000 r--p 00002000  fd:26 657863     4    4    4          0         4        0              0             0              0               0    0       0      0           0 libdl-2.28.so
    7f87251ef000 rw-p 00003000  fd:26 657863     4    4    4          0         4        0              0             0              0               0    0       0      0           0 libdl-2.28.so
    7f87251f0000 r--p 00000000  fd:26 657814     8    4    0          4         0        0              0             0              0               0    0       0      0           0 libpcre.so.3.13.3
    7f87251f2000 r-xp 00002000  fd:26 657814   328    0    0          0         0        0              0             0              0               0    0       0      0           0 libpcre.so.3.13.3
    7f8725244000 r--p 00054000  fd:26 657814   120    0    0          0         0        0              0             0              0               0    0       0      0           0 libpcre.so.3.13.3
    7f8725262000 r--p 00071000  fd:26 657814     4    4    4          0         4        0              0             0              0               0    0       0      0           0 libpcre.so.3.13.3
    7f8725263000 rw-p 00072000  fd:26 657814     4    4    4          0         4        0              0             0              0               0    0       0      0           0 libpcre.so.3.13.3
    7f8725264000 r--p 00000000  fd:26 657837    24   24    0         24         0        0              0             0              0               0    0       0      0           0 libpthread-2.28.so
    7f872526a000 r-xp 00006000  fd:26 657837    60   60    1         60         0        0              0             0              0               0    0       0      0           0 libpthread-2.28.so
    7f8725279000 r--p 00015000  fd:26 657837    24    0    0          0         0        0              0             0              0               0    0       0      0           0 libpthread-2.28.so
    7f872527f000 r--p 0001a000  fd:26 657837     4    4    4          0         4        0              0             0              0               0    0       0      0           0 libpthread-2.28.so
    7f8725280000 rw-p 0001b000  fd:26 657837     4    4    4          0         4        0              0             0              0               0    0       0      0           0 libpthread-2.28.so
    7f8725281000 rw-p 00000000  00:00      0    16    4    4          4         4        0              0             0              0               0    0       0      0           0
    7f8725285000 r--p 00000000  fd:26 657826    40    4    0          4         0        0              0             0              0               0    0       0      0           0 libblkid.so.1.1.0
    7f872528f000 r-xp 0000a000  fd:26 657826   208    0    0          0         0        0              0             0              0               0    0       0      0           0 libblkid.so.1.1.0
    7f87252c3000 r--p 0003e000  fd:26 657826    64    0    0          0         0        0              0             0              0               0    0       0      0           0 libblkid.so.1.1.0
    7f87252d3000 ---p 0004e000  fd:26 657826     4    0    0          0         0        0              0             0              0               0    0       0      0           0 libblkid.so.1.1.0
    7f87252d4000 r--p 0004e000  fd:26 657826    20   20   20          0        20        0              0             0              0               0    0       0      0           0 libblkid.so.1.1.0
    7f87252d9000 rw-p 00053000  fd:26 657826     4    4    4          0         4        0              0             0              0               0    0       0      0           0 libblkid.so.1.1.0
    7f87252da000 rw-p 00000000  00:00      0     8    8    8          0         8        0              0             0              0               0    0       0      0           0
    7f87252dc000 r--p 00000000  fd:26 176226     8    8    0          8         0        0              0             0              0               0    0       0      0           0 liblz4.so.1.8.3
    7f87252de000 r-xp 00002000  fd:26 176226    96   60    1         60         0        0              0             0              0               0    0       0      0           0 liblz4.so.1.8.3
    7f87252f6000 r--p 0001a000  fd:26 176226    12    0    0          0         0        0              0             0              0               0    0       0      0           0 liblz4.so.1.8.3
    7f87252f9000 r--p 0001c000  fd:26 176226     4    4    4          0         4        0              0             0              0               0    0       0      0           0 liblz4.so.1.8.3
    7f87252fa000 rw-p 0001d000  fd:26 176226     4    4    4          0         4        0              0             0              0               0    0       0      0           0 liblz4.so.1.8.3
    7f87252fb000 r--p 00000000  fd:26 657878    12   12    0         12         0        0              0             0              0               0    0       0      0           0 liblzma.so.5.2.4
    7f87252fe000 r-xp 00003000  fd:26 657878    96   60    1         60         0        0              0             0              0               0    0       0      0           0 liblzma.so.5.2.4
    7f8725316000 r--p 0001b000  fd:26 657878    44    0    0          0         0        0              0             0              0               0    0       0      0           0 liblzma.so.5.2.4
    7f8725321000 r--p 00025000  fd:26 657878     4    4    4          0         4        0              0             0              0               0    0       0      0           0 liblzma.so.5.2.4
    7f8725322000 rw-p 00026000  fd:26 657878     4    4    4          0         4        0              0             0              0               0    0       0      0           0 liblzma.so.5.2.4
    7f8725323000 r-xp 00000000  fd:26 657852   200    0    0          0         0        0              0             0              0               0    0       0      0           0 libidn.so.11.6.16
    7f8725355000 ---p 00032000  fd:26 657852  2048    0    0          0         0        0              0             0              0               0    0       0      0           0 libidn.so.11.6.16
    7f8725555000 r--p 00032000  fd:26 657852     4    4    4          0         4        0              0             0              0               0    0       0      0           0 libidn.so.11.6.16
    7f8725556000 rw-p 00033000  fd:26 657852     4    4    4          0         4        0              0             0              0               0    0       0      0           0 libidn.so.11.6.16
    7f8725557000 r--p 00000000  fd:26 176488     8    0    0          0         0        0              0             0              0               0    0       0      0           0 libip4tc.so.0.1.0
    7f8725559000 r-xp 00002000  fd:26 176488    16    0    0          0         0        0              0             0              0               0    0       0      0           0 libip4tc.so.0.1.0
    7f872555d000 r--p 00006000  fd:26 176488     8    0    0          0         0        0              0             0              0               0    0       0      0           0 libip4tc.so.0.1.0
    7f872555f000 r--p 00007000  fd:26 176488     4    4    4          0         4        0              0             0              0               0    0       0      0           0 libip4tc.so.0.1.0
    7f8725560000 rw-p 00008000  fd:26 176488     4    4    4          0         4        0              0             0              0               0    0       0      0           0 libip4tc.so.0.1.0
    7f8725561000 r--p 00000000  fd:26 657880    48   48    1         48         0        0              0             0              0               0    0       0      0           0 libgcrypt.so.20.2.4
    7f872556d000 r-xp 0000c000  fd:26 657880   824   64    1         64         0        0              0             0              0               0    0       0      0           0 libgcrypt.so.20.2.4
    7f872563b000 r--p 000da000  fd:26 657880   244    0    0          0         0        0              0             0              0               0    0       0      0           0 libgcrypt.so.20.2.4
    7f8725678000 r--p 00116000  fd:26 657880     8    8    8          0         8        0              0             0              0               0    0       0      0           0 libgcrypt.so.20.2.4
    7f872567a000 rw-p 00118000  fd:26 657880    20   20   20          0        20        0              0             0              0               0    0       0      0           0 libgcrypt.so.20.2.4
    7f872567f000 r--p 00000000  fd:26 657830    28    0    0          0         0        0              0             0              0               0    0       0      0           0 libcryptsetup.so.12.4.0
    7f8725686000 r-xp 00007000  fd:26 657830   236    0    0          0         0        0              0             0              0               0    0       0      0           0 libcryptsetup.so.12.4.0
    7f87256c1000 r--p 00042000  fd:26 657830    80    0    0          0         0        0              0             0              0               0    0       0      0           0 libcryptsetup.so.12.4.0
    7f87256d5000 r--p 00055000  fd:26 657830     8    8    8          0         8        0              0             0              0               0    0       0      0           0 libcryptsetup.so.12.4.0
    7f87256d7000 rw-p 00057000  fd:26 657830     8    8    8          0         8        0              0             0              0               0    0       0      0           0 libcryptsetup.so.12.4.0
    7f87256d9000 rw-p 00000000  00:00      0     8    8    8          0         8        0              0             0              0               0    0       0      0           0
    7f87256db000 r--p 00000000  fd:26 176349     8    0    0          0         0        0              0             0              0               0    0       0      0           0 libacl.so.1.1.2253
    7f87256dd000 r-xp 00002000  fd:26 176349    20    0    0          0         0        0              0             0              0               0    0       0      0           0 libacl.so.1.1.2253
    7f87256e2000 r--p 00007000  fd:26 176349     8    0    0          0         0        0              0             0              0               0    0       0      0           0 libacl.so.1.1.2253
    7f87256e4000 r--p 00008000  fd:26 176349     4    4    4          0         4        0              0             0              0               0    0       0      0           0 libacl.so.1.1.2253
    7f87256e5000 rw-p 00009000  fd:26 176349     4    4    4          0         4        0              0             0              0               0    0       0      0           0 libacl.so.1.1.2253
    7f87256e6000 r--p 00000000  fd:26 657913     8    4    0          4         0        0              0             0              0               0    0       0      0           0 libcap.so.2.25
    7f87256e8000 r-xp 00002000  fd:26 657913     8    0    0          0         0        0              0             0              0               0    0       0      0           0 libcap.so.2.25
    7f87256ea000 r--p 00004000  fd:26 657913     4    0    0          0         0        0              0             0              0               0    0       0      0           0 libcap.so.2.25
    7f87256eb000 ---p 00005000  fd:26 657913     4    0    0          0         0        0              0             0              0               0    0       0      0           0 libcap.so.2.25
    7f87256ec000 r--p 00005000  fd:26 657913     4    4    4          0         4        0              0             0              0               0    0       0      0           0 libcap.so.2.25
    7f87256ed000 rw-p 00006000  fd:26 657913     4    4    4          0         4        0              0             0              0               0    0       0      0           0 libcap.so.2.25
    7f87256ee000 r--p 00000000  fd:26 657990    12    0    0          0         0        0              0             0              0               0    0       0      0           0 libapparmor.so.1.6.0
    7f87256f1000 r-xp 00003000  fd:26 657990    36    0    0          0         0        0              0             0              0               0    0       0      0           0 libapparmor.so.1.6.0
    7f87256fa000 r--p 0000c000  fd:26 657990    28    0    0          0         0        0              0             0              0               0    0       0      0           0 libapparmor.so.1.6.0
    7f8725701000 r--p 00012000  fd:26 657990     4    4    4          0         4        0              0             0              0               0    0       0      0           0 libapparmor.so.1.6.0
    7f8725702000 rw-p 00013000  fd:26 657990     4    4    4          0         4        0              0             0              0               0    0       0      0           0 libapparmor.so.1.6.0
    7f8725703000 r--p 00000000  fd:26 175586    16    0    0          0         0        0              0             0              0               0    0       0      0           0 libkmod.so.2.3.4
    7f8725707000 r-xp 00004000  fd:26 175586    60    0    0          0         0        0              0             0              0               0    0       0      0           0 libkmod.so.2.3.4
    7f8725716000 r--p 00013000  fd:26 175586    20    0    0          0         0        0              0             0              0               0    0       0      0           0 libkmod.so.2.3.4
    7f872571b000 ---p 00018000  fd:26 175586     4    0    0          0         0        0              0             0              0               0    0       0      0           0 libkmod.so.2.3.4
    7f872571c000 r--p 00018000  fd:26 175586     4    4    4          0         4        0              0             0              0               0    0       0      0           0 libkmod.so.2.3.4
    7f872571d000 rw-p 00019000  fd:26 175586     4    4    4          0         4        0              0             0              0               0    0       0      0           0 libkmod.so.2.3.4
    7f872571e000 r--p 00000000  fd:26 657839    12    0    0          0         0        0              0             0              0               0    0       0      0           0 libaudit.so.1.0.0
    7f8725721000 r-xp 00003000  fd:26 657839    28    0    0          0         0        0              0             0              0               0    0       0      0           0 libaudit.so.1.0.0
    7f8725728000 r--p 0000a000  fd:26 657839    80    0    0          0         0        0              0             0              0               0    0       0      0           0 libaudit.so.1.0.0
    7f872573c000 ---p 0001e000  fd:26 657839     4    0    0          0         0        0              0             0              0               0    0       0      0           0 libaudit.so.1.0.0
    7f872573d000 r--p 0001e000  fd:26 657839     4    4    4          0         4        0              0             0              0               0    0       0      0           0 libaudit.so.1.0.0
    7f872573e000 rw-p 0001f000  fd:26 657839     4    4    4          0         4        0              0             0              0               0    0       0      0           0 libaudit.so.1.0.0
    7f872573f000 rw-p 00000000  00:00      0    40    0    0          0         0        0              0             0              0               0    0       0      0           0
    7f8725749000 r--p 00000000  fd:26 657868    12    0    0          0         0        0              0             0              0               0    0       0      0           0 libpam.so.0.84.2
    7f872574c000 r-xp 00003000  fd:26 657868    32    0    0          0         0        0              0             0              0               0    0       0      0           0 libpam.so.0.84.2
    7f8725754000 r--p 0000b000  fd:26 657868    16    0    0          0         0        0              0             0              0               0    0       0      0           0 libpam.so.0.84.2
    7f8725758000 r--p 0000e000  fd:26 657868     4    4    4          0         4        0              0             0              0               0    0       0      0           0 libpam.so.0.84.2
    7f8725759000 rw-p 0000f000  fd:26 657868     4    4    4          0         4        0              0             0              0               0    0       0      0           0 libpam.so.0.84.2
    7f872575a000 rw-p 00000000  00:00      0     8    8    8          0         8        0              0             0              0               0    0       0      0           0
    7f872575c000 r--p 00000000  fd:26 657819    48    4    0          4         0        0              0             0              0               0    0       0      0           0 libmount.so.1.1.0
    7f8725768000 r-xp 0000c000  fd:26 657819   240   16    4          8         0        0              0             0              0               0    0       0      0           0 libmount.so.1.1.0
    7f87257a4000 r--p 00048000  fd:26 657819    72    0    0          0         0        0              0             0              0               0    0       0      0           0 libmount.so.1.1.0
    7f87257b6000 ---p 0005a000  fd:26 657819     4    0    0          0         0        0              0             0              0               0    0       0      0           0 libmount.so.1.1.0
    7f87257b7000 r--p 0005a000  fd:26 657819    12   12   12          0        12        0              0             0              0               0    0       0      0           0 libmount.so.1.1.0
    7f87257ba000 rw-p 0005d000  fd:26 657819     4    4    4          0         4        0              0             0              0               0    0       0      0           0 libmount.so.1.1.0
    7f87257bb000 r-xp 00000000  fd:26 657925   148    4    0          4         0        0              0             0              0               0    0       0      0           0 libselinux.so.1
    7f87257e0000 ---p 00025000  fd:26 657925  2044    0    0          0         0        0              0             0              0               0    0       0      0           0 libselinux.so.1
    7f87259df000 r--p 00024000  fd:26 657925     4    4    4          0         4        0              0             0              0               0    0       0      0           0 libselinux.so.1
    7f87259e0000 rw-p 00025000  fd:26 657925     4    4    4          0         4        0              0             0              0               0    0       0      0           0 libselinux.so.1
    7f87259e1000 rw-p 00000000  00:00      0     8    4    4          4         4        0              0             0              0               0    0       0      0           0
    7f87259e3000 r--p 00000000  fd:26 176581   140    0    0          0         0        0              0             0              0               0    0       0      0           0 libseccomp.so.2.3.3
    7f8725a06000 r-xp 00023000  fd:26 176581    40    0    0          0         0        0              0             0              0               0    0       0      0           0 libseccomp.so.2.3.3
    7f8725a10000 r--p 0002d000  fd:26 176581    16    0    0          0         0        0              0             0              0               0    0       0      0           0 libseccomp.so.2.3.3
    7f8725a14000 r--p 00030000  fd:26 176581    92   92   92         40        92        0              0             0              0               0    0       0      0           0 libseccomp.so.2.3.3
    7f8725a2b000 rw-p 00047000  fd:26 176581     4    4    4          0         4        0              0             0              0               0    0       0      0           0 libseccomp.so.2.3.3
    7f8725a2c000 r--p 00000000  fd:26 657853     8    8    0          8         0        0              0             0              0               0    0       0      0           0 librt-2.28.so
    7f8725a2e000 r-xp 00002000  fd:26 657853    16   16    0         16         0        0              0             0              0               0    0       0      0           0 librt-2.28.so
    7f8725a32000 r--p 00006000  fd:26 657853     8    0    0          0         0        0              0             0              0               0    0       0      0           0 librt-2.28.so
    7f8725a34000 r--p 00007000  fd:26 657853     4    4    4          0         4        0              0             0              0               0    0       0      0           0 librt-2.28.so
    7f8725a35000 rw-p 00008000  fd:26 657853     4    4    4          0         4        0              0             0              0               0    0       0      0           0 librt-2.28.so
    7f8725a36000 r--p 00000000  fd:26 658538   272    0    0          0         0        0              0             0              0               0    0       0      0           0 libsystemd-shared-241.so
    7f8725a7a000 r-xp 00044000  fd:26 658538  1308  180   31        180         0        0              0             0              0               0    0       0      0           0 libsystemd-shared-241.so
    7f8725bc1000 r--p 0018b000  fd:26 658538   464    0    0          0         0        0              0             0              0               0    0       0      0           0 libsystemd-shared-241.so
    7f8725c35000 r--p 001fe000  fd:26 658538   564   60   60         56        60        0              0             0              0               0    0       0      0           0 libsystemd-shared-241.so
    7f8725cc2000 rw-p 0028b000  fd:26 658538     4    4    4          0         4        0              0             0              0               0    0       0      0           0 libsystemd-shared-241.so
    7f8725cc3000 rw-p 00000000  00:00      0     4    4    4          4         4        0              0             0              0               0    0       0      0           0
    7f8725cc4000 r--p 00000000  fd:26 657882   136  136    2        136         0        0              0             0              0               0    0       0      0           0 libc-2.28.so
    7f8725ce6000 r-xp 00022000  fd:26 657882  1312 1020   19       1020         0        0              0             0              0               0    0       0      0           0 libc-2.28.so
    7f8725e2e000 r--p 0016a000  fd:26 657882   304  136    2        136         0        0              0             0              0               0    0       0      0           0 libc-2.28.so
    7f8725e7a000 ---p 001b6000  fd:26 657882     4    0    0          0         0        0              0             0              0               0    0       0      0           0 libc-2.28.so
    7f8725e7b000 r--p 001b6000  fd:26 657882    16   16   16          0        16        0              0             0              0               0    0       0      0           0 libc-2.28.so
    7f8725e7f000 rw-p 001ba000  fd:26 657882     8    8    8          8         8        0              0             0              0               0    0       0      0           0 libc-2.28.so
    7f8725e81000 rw-p 00000000  00:00      0    24   20   20         12        20        0              0             0              0               0    0       0      0           0
    7f8725e97000 r--p 00000000  fd:26 657813     4    4    0          4         0        0              0             0              0               0    0       0      0           0 ld-2.28.so
    7f8725e98000 r-xp 00001000  fd:26 657813   120  120    1        120         0        0              0             0              0               0    0       0      0           0 ld-2.28.so
    7f8725eb6000 r--p 0001f000  fd:26 657813    32   32    0         32         0        0              0             0              0               0    0       0      0           0 ld-2.28.so
    7f8725ebe000 r--p 00026000  fd:26 657813     4    4    4          0         4        0              0             0              0               0    0       0      0           0 ld-2.28.so
    7f8725ebf000 rw-p 00027000  fd:26 657813     4    4    4          0         4        0              0             0              0               0    0       0      0           0 ld-2.28.so
    7f8725ec0000 rw-p 00000000  00:00      0     4    4    4          0         4        0              0             0              0               0    0       0      0           0
    7ffcf689c000 rw-p 00000000  00:00      0   132   16   16         16        16        0              0             0              0               0    0       0      0           0 [stack]
    7ffcf6975000 r--p 00000000  00:00      0    12    0    0          0         0        0              0             0              0               0    0       0      0           0 [vvar]
    7ffcf6978000 r-xp 00000000  00:00      0     4    4    0          4         0        0              0             0              0               0    0       0      0           0 [vdso]
ffffffffff600000 --xp 00000000  00:00      0     4    0    0          0         0        0              0             0              0               0    0       0      0           0 [vsyscall]
                                             ===== ==== ==== ========== ========= ======== ============== ============= ============== =============== ==== ======= ====== ===========
                                             21152 3888 1480       3176      1404        0              0             0              0               0    0       0      0           0 KB


- an851goe@ct-bsys-ws20-18:~/z-drive/BSYS2020/Chapter13$ pmap -x 10696
10696:   /lib/systemd/systemd --user
Address           Kbytes     RSS   Dirty Mode  Mapping
0000561d9013f000     184       0       0 r---- systemd
0000561d9016d000     708       0       0 r-x-- systemd
0000561d9021e000     316       0       0 r---- systemd
0000561d9026e000     244     220     220 r---- systemd
0000561d902ab000       4       4       4 rw--- systemd
0000561d90fe2000     388     332     332 rw---   [ anon ]
00007f8724bfc000      28      24      24 rw---   [ anon ]
00007f8724c03000      52      52       0 r---- libm-2.28.so
00007f8724c10000     636     264       0 r-x-- libm-2.28.so
00007f8724caf000     852       0       0 r---- libm-2.28.so
00007f8724d84000       4       4       4 r---- libm-2.28.so
00007f8724d85000       4       4       4 rw--- libm-2.28.so
00007f8724d86000      16       0       0 r---- libudev.so.1.6.13
00007f8724d8a000      92       0       0 r-x-- libudev.so.1.6.13
00007f8724da1000      36       0       0 r---- libudev.so.1.6.13
00007f8724daa000       4       4       4 r---- libudev.so.1.6.13
00007f8724dab000       4       4       4 rw--- libudev.so.1.6.13
00007f8724dac000      16      16       0 r---- libgpg-error.so.0.26.1
00007f8724db0000      76      76       0 r-x-- libgpg-error.so.0.26.1
00007f8724dc3000      36      36       0 r---- libgpg-error.so.0.26.1
00007f8724dcc000       4       0       0 ----- libgpg-error.so.0.26.1
00007f8724dcd000       4       4       4 r---- libgpg-error.so.0.26.1
00007f8724dce000       4       4       4 rw--- libgpg-error.so.0.26.1
00007f8724dcf000      12       0       0 r---- libjson-c.so.3.0.1
00007f8724dd2000      24       0       0 r-x-- libjson-c.so.3.0.1
00007f8724dd8000       8       0       0 r---- libjson-c.so.3.0.1
00007f8724dda000       4       0       0 ----- libjson-c.so.3.0.1
00007f8724ddb000       4       4       4 r---- libjson-c.so.3.0.1
00007f8724ddc000       4       4       4 rw--- libjson-c.so.3.0.1
00007f8724ddd000       8       8       8 rw---   [ anon ]
00007f8724ddf000       4       0       0 r---- libargon2.so.1
00007f8724de0000      20       0       0 r-x-- libargon2.so.1
00007f8724de5000       8       0       0 r---- libargon2.so.1
00007f8724de7000       4       4       4 r---- libargon2.so.1
00007f8724de8000       4       4       4 rw--- libargon2.so.1
00007f8724de9000      44       0       0 r---- libdevmapper.so.1.02.1
00007f8724df4000     284       0       0 r-x-- libdevmapper.so.1.02.1
00007f8724e3b000      80       0       0 r---- libdevmapper.so.1.02.1
00007f8724e4f000       4       4       4 r---- libdevmapper.so.1.02.1
00007f8724e50000      16      12      12 rw--- libdevmapper.so.1.02.1
00007f8724e54000       4       0       0 rw---   [ anon ]
00007f8724e55000       8       4       0 r---- libuuid.so.1.3.0
00007f8724e57000      16       0       0 r-x-- libuuid.so.1.3.0
00007f8724e5b000       4       0       0 r---- libuuid.so.1.3.0
00007f8724e5c000       4       4       4 r---- libuuid.so.1.3.0
00007f8724e5d000       4       4       4 rw--- libuuid.so.1.3.0
00007f8724e5e000       8       0       0 r---- libattr.so.1.1.2448
00007f8724e60000      12       0       0 r-x-- libattr.so.1.1.2448
00007f8724e63000       4       0       0 r---- libattr.so.1.1.2448
00007f8724e64000       4       4       4 r---- libattr.so.1.1.2448
00007f8724e65000       4       4       4 rw--- libattr.so.1.1.2448
00007f8724e66000     532       0       0 r---- libcrypto.so.1.1
00007f8724eeb000    1656       0       0 r-x-- libcrypto.so.1.1
00007f8725089000     572       0       0 r---- libcrypto.so.1.1
00007f8725118000       4       0       0 ----- libcrypto.so.1.1
00007f8725119000     192     192     192 r---- libcrypto.so.1.1
00007f8725149000       8       8       8 rw--- libcrypto.so.1.1
00007f872514b000      16       4       4 rw---   [ anon ]
00007f872514f000     116       0       0 r---- libssl.so.1.1
00007f872516c000     308       0       0 r-x-- libssl.so.1.1
00007f87251b9000     104       0       0 r---- libssl.so.1.1
00007f87251d3000       4       0       0 ----- libssl.so.1.1
00007f87251d4000      36      36      36 r---- libssl.so.1.1
00007f87251dd000      16      16      16 rw--- libssl.so.1.1
00007f87251e1000       8       8       8 rw---   [ anon ]
00007f87251e3000       8       0       0 r---- libcap-ng.so.0.0.0
00007f87251e5000      12       0       0 r-x-- libcap-ng.so.0.0.0
00007f87251e8000       4       0       0 r---- libcap-ng.so.0.0.0
00007f87251e9000       4       4       4 r---- libcap-ng.so.0.0.0
00007f87251ea000       4       4       4 rw--- libcap-ng.so.0.0.0
00007f87251eb000       4       4       0 r---- libdl-2.28.so
00007f87251ec000       4       4       0 r-x-- libdl-2.28.so
00007f87251ed000       4       0       0 r---- libdl-2.28.so
00007f87251ee000       4       4       4 r---- libdl-2.28.so
00007f87251ef000       4       4       4 rw--- libdl-2.28.so
00007f87251f0000       8       4       0 r---- libpcre.so.3.13.3
00007f87251f2000     328       0       0 r-x-- libpcre.so.3.13.3
00007f8725244000     120       0       0 r---- libpcre.so.3.13.3
00007f8725262000       4       4       4 r---- libpcre.so.3.13.3
00007f8725263000       4       4       4 rw--- libpcre.so.3.13.3
00007f8725264000      24      24       0 r---- libpthread-2.28.so
00007f872526a000      60      60       0 r-x-- libpthread-2.28.so
00007f8725279000      24       0       0 r---- libpthread-2.28.so
00007f872527f000       4       4       4 r---- libpthread-2.28.so
00007f8725280000       4       4       4 rw--- libpthread-2.28.so
00007f8725281000      16       4       4 rw---   [ anon ]
00007f8725285000      40       4       0 r---- libblkid.so.1.1.0
00007f872528f000     208       0       0 r-x-- libblkid.so.1.1.0
00007f87252c3000      64       0       0 r---- libblkid.so.1.1.0
00007f87252d3000       4       0       0 ----- libblkid.so.1.1.0
00007f87252d4000      20      20      20 r---- libblkid.so.1.1.0
00007f87252d9000       4       4       4 rw--- libblkid.so.1.1.0
00007f87252da000       8       8       8 rw---   [ anon ]
00007f87252dc000       8       8       0 r---- liblz4.so.1.8.3
00007f87252de000      96      60       0 r-x-- liblz4.so.1.8.3
00007f87252f6000      12       0       0 r---- liblz4.so.1.8.3
00007f87252f9000       4       4       4 r---- liblz4.so.1.8.3
00007f87252fa000       4       4       4 rw--- liblz4.so.1.8.3
00007f87252fb000      12      12       0 r---- liblzma.so.5.2.4
00007f87252fe000      96      60       0 r-x-- liblzma.so.5.2.4
00007f8725316000      44       0       0 r---- liblzma.so.5.2.4
00007f8725321000       4       4       4 r---- liblzma.so.5.2.4
00007f8725322000       4       4       4 rw--- liblzma.so.5.2.4
00007f8725323000     200       0       0 r-x-- libidn.so.11.6.16
00007f8725355000    2048       0       0 ----- libidn.so.11.6.16
00007f8725555000       4       4       4 r---- libidn.so.11.6.16
00007f8725556000       4       4       4 rw--- libidn.so.11.6.16
00007f8725557000       8       0       0 r---- libip4tc.so.0.1.0
00007f8725559000      16       0       0 r-x-- libip4tc.so.0.1.0
00007f872555d000       8       0       0 r---- libip4tc.so.0.1.0
00007f872555f000       4       4       4 r---- libip4tc.so.0.1.0
00007f8725560000       4       4       4 rw--- libip4tc.so.0.1.0
00007f8725561000      48      48       0 r---- libgcrypt.so.20.2.4
00007f872556d000     824      64       0 r-x-- libgcrypt.so.20.2.4
00007f872563b000     244       0       0 r---- libgcrypt.so.20.2.4
00007f8725678000       8       8       8 r---- libgcrypt.so.20.2.4
00007f872567a000      20      20      20 rw--- libgcrypt.so.20.2.4
00007f872567f000      28       0       0 r---- libcryptsetup.so.12.4.0
00007f8725686000     236       0       0 r-x-- libcryptsetup.so.12.4.0
00007f87256c1000      80       0       0 r---- libcryptsetup.so.12.4.0
00007f87256d5000       8       8       8 r---- libcryptsetup.so.12.4.0
00007f87256d7000       8       8       8 rw--- libcryptsetup.so.12.4.0
00007f87256d9000       8       8       8 rw---   [ anon ]
00007f87256db000       8       0       0 r---- libacl.so.1.1.2253
00007f87256dd000      20       0       0 r-x-- libacl.so.1.1.2253
00007f87256e2000       8       0       0 r---- libacl.so.1.1.2253
00007f87256e4000       4       4       4 r---- libacl.so.1.1.2253
00007f87256e5000       4       4       4 rw--- libacl.so.1.1.2253
00007f87256e6000       8       4       0 r---- libcap.so.2.25
00007f87256e8000       8       0       0 r-x-- libcap.so.2.25
00007f87256ea000       4       0       0 r---- libcap.so.2.25
00007f87256eb000       4       0       0 ----- libcap.so.2.25
00007f87256ec000       4       4       4 r---- libcap.so.2.25
00007f87256ed000       4       4       4 rw--- libcap.so.2.25
00007f87256ee000      12       0       0 r---- libapparmor.so.1.6.0
00007f87256f1000      36       0       0 r-x-- libapparmor.so.1.6.0
00007f87256fa000      28       0       0 r---- libapparmor.so.1.6.0
00007f8725701000       4       4       4 r---- libapparmor.so.1.6.0
00007f8725702000       4       4       4 rw--- libapparmor.so.1.6.0
00007f8725703000      16       0       0 r---- libkmod.so.2.3.4
00007f8725707000      60       0       0 r-x-- libkmod.so.2.3.4
00007f8725716000      20       0       0 r---- libkmod.so.2.3.4
00007f872571b000       4       0       0 ----- libkmod.so.2.3.4
00007f872571c000       4       4       4 r---- libkmod.so.2.3.4
00007f872571d000       4       4       4 rw--- libkmod.so.2.3.4
00007f872571e000      12       0       0 r---- libaudit.so.1.0.0
00007f8725721000      28       0       0 r-x-- libaudit.so.1.0.0
00007f8725728000      80       0       0 r---- libaudit.so.1.0.0
00007f872573c000       4       0       0 ----- libaudit.so.1.0.0
00007f872573d000       4       4       4 r---- libaudit.so.1.0.0
00007f872573e000       4       4       4 rw--- libaudit.so.1.0.0
00007f872573f000      40       0       0 rw---   [ anon ]
00007f8725749000      12       0       0 r---- libpam.so.0.84.2
00007f872574c000      32       0       0 r-x-- libpam.so.0.84.2
00007f8725754000      16       0       0 r---- libpam.so.0.84.2
00007f8725758000       4       4       4 r---- libpam.so.0.84.2
00007f8725759000       4       4       4 rw--- libpam.so.0.84.2
00007f872575a000       8       8       8 rw---   [ anon ]
00007f872575c000      48       4       0 r---- libmount.so.1.1.0
00007f8725768000     240      16       0 r-x-- libmount.so.1.1.0
00007f87257a4000      72       0       0 r---- libmount.so.1.1.0
00007f87257b6000       4       0       0 ----- libmount.so.1.1.0
00007f87257b7000      12      12      12 r---- libmount.so.1.1.0
00007f87257ba000       4       4       4 rw--- libmount.so.1.1.0
00007f87257bb000     148       4       0 r-x-- libselinux.so.1
00007f87257e0000    2044       0       0 ----- libselinux.so.1
00007f87259df000       4       4       4 r---- libselinux.so.1
00007f87259e0000       4       4       4 rw--- libselinux.so.1
00007f87259e1000       8       4       4 rw---   [ anon ]
00007f87259e3000     140       0       0 r---- libseccomp.so.2.3.3
00007f8725a06000      40       0       0 r-x-- libseccomp.so.2.3.3
00007f8725a10000      16       0       0 r---- libseccomp.so.2.3.3
00007f8725a14000      92      92      92 r---- libseccomp.so.2.3.3
00007f8725a2b000       4       4       4 rw--- libseccomp.so.2.3.3
00007f8725a2c000       8       8       0 r---- librt-2.28.so
00007f8725a2e000      16      16       0 r-x-- librt-2.28.so
00007f8725a32000       8       0       0 r---- librt-2.28.so
00007f8725a34000       4       4       4 r---- librt-2.28.so
00007f8725a35000       4       4       4 rw--- librt-2.28.so
00007f8725a36000     272       0       0 r---- libsystemd-shared-241.so
00007f8725a7a000    1308     180       0 r-x-- libsystemd-shared-241.so
00007f8725bc1000     464       0       0 r---- libsystemd-shared-241.so
00007f8725c35000     564      60      60 r---- libsystemd-shared-241.so
00007f8725cc2000       4       4       4 rw--- libsystemd-shared-241.so
00007f8725cc3000       4       4       4 rw---   [ anon ]
00007f8725cc4000     136     136       0 r---- libc-2.28.so
00007f8725ce6000    1312    1020       0 r-x-- libc-2.28.so
00007f8725e2e000     304     136       0 r---- libc-2.28.so
00007f8725e7a000       4       0       0 ----- libc-2.28.so
00007f8725e7b000      16      16      16 r---- libc-2.28.so
00007f8725e7f000       8       8       8 rw--- libc-2.28.so
00007f8725e81000      24      20      20 rw---   [ anon ]
00007f8725e97000       4       4       0 r---- ld-2.28.so
00007f8725e98000     120     120       0 r-x-- ld-2.28.so
00007f8725eb6000      32      32       0 r---- ld-2.28.so
00007f8725ebe000       4       4       4 r---- ld-2.28.so
00007f8725ebf000       4       4       4 rw--- ld-2.28.so
00007f8725ec0000       4       4       4 rw---   [ anon ]
00007ffcf689c000     132      16      16 rw---   [ stack ]
00007ffcf6975000      12       0       0 r----   [ anon ]
00007ffcf6978000       4       4       0 r-x--   [ anon ]
ffffffffff600000       4       0       0 --x--   [ anon ]
---------------- ------- ------- -------
total kB           21152    3888    1404